1
111
111111
11
123
123456
258456
942616024
1024999303
2962125377
3298696763
3094796388
282840823
1456128701
1901215759
994991215
1069652666
1468010356
3222036527
1487277402
595780854
431984669
43178876
843154777
782291461
291969024
1250383440
3166514552
2583587805
2316004677
958938777
863184210
2645351472
24070427
2206848708
1686278343
2440851831
1227231292
2785864249
2748230388
649144518
1903958796
2258614265
1979607531
107496002
1152279860
784962083
1071198302
2068142767
1257481911
1374401677
1443227427
3259457508
321980642
602147358
763399215
2234186196
1113840701
815767440
1642137776
1453380271
2274589907
2957923731
1572691967
250150465
276905693
1301905685
2761533616
564886358
1012875993
709123525
3281795902
493929673
1198871658
2645022499
503778225
1040496181
1379744065
995020914
2386130105
951936856
2817166909
1153652539
820393447
1718504347
782865949
290489825
3222305386
2491458010
793014176
863678737
2576705144
739989847
1092778431
1840302445
1713412645
3296769623
508698860
471380140
1013563398
2258086761
3229211281
1984341578
1085057898
569244568
799355450
1657903521
1154403646
277178314
3256515422
1065114017
499750117
1454309912
826815125
1035475760
3562458275
2729718103
2674516468
1713859683
3206281714
1025108368
1903362101
1773644845
3086625817
1606297111
821951280
1032465672
18608933
446861157
2565997694
981601883
1976207752
1553875846
2427819224
634246057
2264109429
2049490065
965422270
123125284
2128187383
18297200
1649555624
2551831740
457450110
479878150
2958833509
2581181063
1518556551
1745892243
1250903933
1980943033
869208480
2693032721
297237206
568238415
1062114579
466799994
2278905013
2274198259
2427855175
2672738572
3469811381
1070913329
894959398
1658928493
3535593839
1665571622
2391891360
50692060
363943337
1047008154
1474975084
727732866
1249744229
793479760
2973860394
2668795551
2546217314
525477531
121890935
34770807
740832345
2153016588
1415107962
419279989
791560217
3519952067
1733541881
1067635891
472851938
1185825897
1094808126
1245430492
634970600
731334767
1910808449
3525269
2384758854
1290016179
314682698
16340117
1605026331
229885462
1476680120
434744892
2575751392
109214440
1332648567
3492567193
484313408
2710453541
1455589541
1925579694
3368548042
270475902
614242852
869967474
1023578127
530146032
1753016965
1364767257
3425966540
1691706520
1551148763
2996556364
1142616198
910267032
1033604332
935695639
1162836793
3014962061
1416861200
2272147505
1458758939
1468990264
646762532
529488259
1959701524
28285410
1404691914
495557292
806359548
2512200081
541299532
1600277886
1742266345
2010554152
371298763
860870156
1364040506
1042436874
976155494
2313130613
2423739371
422363327
502868570
1762009822
438551875
264706431
914683796
815875087
20904769
2061508478
1732080147
615836503
806631065
1548214673
2980932311
2041993881
1172043653
1595381997
2877482209
670616603
2891355343
2359064151
1460800082
2962456639
1876308991
547971186
22432832
2019919192
1204356711
41451670
2053043216
28367651
15734696
984828572
568153888
2568716159
1245483016
1154232481
2320852601
40300534
1585317608
1498713045
450177261
164776105
1309085719
434943066
1250111237
156220689
1309364042
3142819881
2680076174
2573936801
353083330
493321391
2632383074
1536163082
1175152367
1466814488
3083795833
2661505343
2309461079
626174845
1078553415
2672796954
1553211589
3403480732
542223399
483627205
1298977669
609661363
422297166
1214783227
261032700
1025905617
2031927874
2043932674
1483365486
1078049354
2462611619
2538220700
1045703104
1850259937
3145518260
1332180549
2781793049
2013140461
2513331795
2353264561
793871085
1198868441
2306638616
690971283
2686938747
2143687627
3117674662
2934724201
1280508825
3304776713
1018849594
2198987367
1075976040
1163167132
1924795332
3462057747
692678559
1491054200
291832538
2685416039
1422515116
1078897648
1002790895
1433811036
1046965642
184677993
1606590915
2244785879
2652315744
380469482
1983400926
1926656158
1053435579
724454511
541285124
1399418189
741141009
1932700295
1944421918
1047732623
2450006719
483484696
1344283729
2487331171
1248017066
2833051646
2642028436
1820364052
644928675
327255084
836251073
931297644
1270242011
310361032
1418898728
2992887567
1215895341
1434110174
1053563479
2976427207
1300381115
554885285
861938823
812915386
3385176309
1299700629
996510914
781184364
2381204636
1410355191
1594628002
381609751
384019923
409468030
3342519739
27176716
741750629
3324642626
976369864
474854806
1814544850
2820495943
1582527720
1708825259
a1
q1
452566187
381767575
83657061
38731411
624556107
813335154
812484321
896839831
1552577611
125795158
3598848885